7026:
1243198
1561568
15085:
1144787
1346269
2497871
995602
843:
567283
1565707
1235987
1210232
23463
1648188
291883
1282664
38977
2287166
772534
2567294
755749
546313
2119462
2072355
1982536
2514190
2255822
2069776
64564
1388033
799286
232930
673699
601836
1052226
2166159
30355
2436327
1650759
2587430
423715
1521123
1749195
481175
1627853
2245634
1677045
1451795
1504086
2545441
951775
1070206
1417409
1425441
348448
1455849
804056
15363:
1096192
105337
1813694
2526366
99893
7472:
1276780
12022:
2169264
1993161
2384021
173155
2102706
1595720
427693
52929
2509283
15693:
2495881
2755:
1628556
196455
1039784
1867109
629249
245697
1433988
2297654
2517240
1481299
2248204
2249867
1921620
822241
371121
881382
1225584
302544
513129
1709022
2414197
40190
917333
2344849
1843502
2322939
2147333
615332
1211870
1508365
1556712
861379
1724407
2244834
1823237
1431596
862584
733409
2272549
486340
695887
1713934
1743952
2307226
1971275
1211709
118314
2215076
1683059
1976016
918877
2319271
1311238
1630275
773626
1365015
1369861
1767284
581212
596929
541592
1453620
1370373
1138605
1875704
192315
581909
1646323
170832
1063117
892782
1063861
1318864
2295650
415035
1817984
1865855
1722566
578175
2543038
1519334
155875
2620812
95862
314887
505875
310009
1652455
1144433
1667016
1967614
1158786
1819643
192263
1041789
1209168
1324305
1184788
2494405
264900
130149
101692
2271588
1713708
1611290
403583
1423644
580610
1245644
2174538
821356
30510
127438
1998514
855653
2048001
11675:
895283
13254:
1406123
285949
1484545
2585501
1199797
1564572
1962226
593253
1835648
2304924
1362004
394189
178941
350057
847878
1259900
1453219
1518719
13031:
243532
25468
2309326
1376234
2475624
1863067
2259960
2274219
1805916
2356968
151692
2321564
1611256
725694
909590
2330518
389006
92116
437742
1677306
1271341
297357
372530
316576
2444210
1028927
1303598
1916012
1115100
2055064
616853
167521
49828
1698149
5325:
2026943
2453621
2014248
1791360
1256834
2141674
1998608
1010363
1981067
688372
2322307
469373
1769666
45045
467933
2369258
233150
253491
1012898
1095280
2021327
1041587
1165328
899797
936933
13233:
1618062
1879004
2017145
1094761
2069:
1657915
1229702
1060584
1803856
1770563
960911
1846990
785968
1413205
659535
273784
10381:
1327226
159101
1029222
420059
2103568
152541
1859319
1293245
2616806
2023130
3462:
2022914
971833
1142257
2493804
952156
1687506
1831363
8745:
1626324
1325663
1577744
1046372
1750138
2142673
2347670
2410603
759416
2372141
2324693
2326838
1053827
200514
1242:
1546650
2222305
2411:
1319103
2044995
2621062
1047985
247449
14386
1829594
364057
1648258
135046
2077006
2285838
1361621
1697785
1577874
2275994
1426088
80860
2455194
165856
2617878
1068096
934346
2003707
856645
361227
2530173
1976306
1434651
274386
812430
407515
1937982
2372976
2141105
262011
603605
1499402
1727360
445552
1997118
809439
858832
2135050
672955
1947054
1834459
1507916
1782695
1341404
486388
1500471
16707
722414
1661226
616886
1030790
58137
1820406
1789349
2460131
761228
2152479
1326461
2253539
758610
426888
267510
247050
1862998
692734
1794366
377699
114986
1517254
629469
460608
1608049
1727627
934028
277769
2312964
25080
1152950
2266673
2453263
722532
705280
901205
195853
2177513
2049018
1003786
1504611
1323792
1003643
1273549
2226339
713536
1397400
2007817
2348522
2313781
2333958
17382
2648169
283163
680604
1674225
155725
97305
1251273
1498941
370256
58286
2605895
38032
98707
2294893
2182802
2246939
839062
2033602
2233464
2129754
1378567
843820
767139
91250
2396324
889072
755978
1507962
1339847
1940995
1687971
1445365
1461407
15333:
182198
1751334
2174181
967937
915583
928047
899630
1870189
2125428
1140747
2439368
2412187
963277
1442857
1887262
1601112
1855567
2003798
1796497
764020
1232733
1138195
672532
750353
2083665
1011440
1000687
2082318
458356
588687
2623960
1906577
1117361
2435946
2618662
2475757
2310419
683121
2512989
1939553
930627
3639:
391743
2058752
12152:
2377510
302070
2042:
2353364
16427:
904195
279904
6872:
70314
2298090
72585
1596205
313093
589626
757417
961779
2540633
2525810
297336
1615997
533341
1815724
1998608
2343359
2155593
463385
735805
694837
1988415
1449738
568318
2134724
1676598
678805
1160396
62145
1030719
1692076
199816
787625
2602901
961708
1720121
1561442
520230
1565707
2590595
675386
2002239
2519300
1436774
2237754
2531556
1355375
862031
1982012
1847758
1097199
730177
926358
1051334
2277841
935529
1312897
1678356
1290937
507912
1113816
2573139
927948
1907113
522634
1245680
1705338
897496
2229217
791733
2392270
1263200
699387
29819
2078276
283907
1691653
879939
1335760
2042671
607100
92496
864138
2478646
125069
1826815
947672
1196592
519645
1580021
915942
2382750
2293559
604177
696400
397249
1566662
2301428
2314348
1667717
2046454
1117871
1568914
1803261
598844
1944947
2564951
830809
1086330
73579
1606366
1074616
1085893
2405071
121448
470108
473400
2244371
2249051
756923
1068275
1573129
1748505
176794
1491749
1928857
689471
1152116
1135038
2206209
1947733
1855133
1113933
11529:
1107110
59052
834899
1843972
9998:
2536567
1107317
1288730
13787:
2040954
12678:
1365428
40960
1153930
1334683
688921
343620
1954925
2011660
9233:
1648285
1174094
736532
172257
844624
1383642
7278:
2327324
1907889
8148:
962283
1940079
1438951
1096990
654451
1444057
1932785
2536943
2148888
150268
1438998
2583202
2395971
69856
2626442
859226
1993213
1802354
1785179
3795:
263962
2545075
181:
1837972
1948047
885982
2481233
265365
2316443
1856459
2106524
1424232
2039259
1740257
2467289
2046894
402413
981619
973622
2017192
36939
153531
1620011
1614694
720035
2332613
415232
1440291
2225309
1262941
1436024
2212933
683003
995594
59052
2122681
2239148
122779
444763
2071010
1065187
1127087
799880
530201
1464163
1386863
273766
2390528
607980
962
2054099
839574
581065
706299
2499981
1922937
2116415
1321596
811046
2163283
1401431
31039
1335052
1167642
2584980
85215
1076952
395297
85824
129054
2198188
1268682
2189262
366009
2577416
1315109
773045
1345617
1130539
1822454
18327
3174
1116987
907722
1780116
1958023
992998
813106
233923
686:
17176
2404414
2034134
2158006
311372
1572342
1755534
1623937
2461052
2296080
2146074
734448
940688
385351
133370
440852
21334
862857
1055114
2443267
835134
2289614
1080364
1388947
1141339
386143
1375288
2128588
2633972
1555258
1948587
676832
208563
261107
1459711
1996856
481496
474592
1213536
1775706
846687
1275113
750426
767648
1626810
998433
1006096
1518706
1537129
474814
9784:
2314776
2018234
376024
2259913
835824
2359:
217850
1715163
2443980
1631169
1678152
2277449
736664
836349
981681
1995406
1918560
301472
2303245
2101409
341053
57369
527330
1029:
776415
1327944
11304:
1644907
2037185
811375
8669:
170408
1287484
517062
2259040
1281885
1732840
2123012
1913775
2503129
867507
527375
244092
2585609
2539750
1293173
1317760
1352434
1633457
1215140
1119804
490528
2277372
2045147
2575131
1202068
911084
298085
328277
924955
1312732
2076203
2404955
437481
774169
1847522
1265685
2294749
1012940
440150
1213860
1819002
716158
1672359
403674
2204780
1823851
7552:
2447828
2116:
682966
1691984
645968
2368627
1582575
2175699
2176953
807156
162926
1872326
1623:
29465
2437410
6690:
1900860
1053537
1818655
948912
1142652
211106
3355:
571050
877253
812430
6435
1236912
1269339
632010
496523
1018000
173915
557554
2554050
57421
2489286
892787
12487
2357551
1184930
1171515
915294
2515144
1329873
483737
2593768
1711476
659182
1152440
1326029
514319
1129696
1208018
1979329
767840
1489055
1230059
1890026
1499780
1285247
2539605
2150010
971885
525289
1678107
2437614
1868720
1076965
107644
1820704
1112267
375048
644382
