266:
1277092
2211647
1717138
709396
2188676
2263002
5876:
2474843
1973315
173048
1094048
1745663
1721091
274292
2570440
345702
195122
112653
767665
1126413
423567
623687
132453
1850253
1808989
1020743
2575319
10001:
262828
2609496
1474804
831991
267142
2305771
220050
1959883
27822
2570808
90355
2417258
264764
143866
766895
714089
2350428
10002:
1450941
1213181
308502
2581993
10003:
1515111
10004:
1737087
1270334
1262711
1903515
2140798
2479158
2161335
2099522
1291600
2198877
2214717
1936582
84804
1257912
1263375
735147
1186407
350806
1141242
638738
590598
1704823
2238464
273497
2499539
2543444
119309
2540335
129495
956464
1648424
10005:
254775
1892654
469365
793736
926698
10006:
1093333
1982605
1534853
1632583
10007:
1204847
2160216
248206
835054
1064667
2419805
2084848
671106
2087887
1340891
1917538
2018945
2520477
10008:
1813636
2048630
930946
1492860
1687570
1122917
1885441
10010:
1462925
52050
650466
1813166
2224061
815731
154626
531384
696688
1088633
639327
59938
1856669
2034703
1060588
2475682
1075860
1633365
681503
186927
2374977
2113696
1677862
10011:
1624701
2646826
10012:
2445069
1483604
418164
2491070
1485175
1043648
1913770
2560523
2416960
161063
56741
2301550
1275794
10013:
2503691
1222878
843201
2271154
1346139
124014
1501028
2201453
225422
222553
1521657
295833
10616
512945
844777
973206
2246803
395087
2360499
1153049
1846387
1454544
1018789
914602
1321443
1150421
2045002
1379641
178089
291407
2229322
2177405
105997
2346736
1729494
472225
1233535
1529676
1414279
461311
1715286
1714052
649457
451510
494014
1544885
110412
1894679
1006623
467438
776931
952735
221590
348279
1911099
1923760
397753
10014:
1626179
1359761
430376
723484
839609
10015:
975179
829739
1732761
2162539
933118
467156
164480
613439
1312973
1769664
2477285
484575
2602717
1320821
1236649
705793
1395812
2056853
770517
1514136
988835
1172474
1213571
1801332
1623337
588400
2378764
2405069
10016:
1751359
234929
1759349
1604433
1003759
10017:
2280428
1129341
1377724
10018:
305767
2316945
2173031
676747
354053
2119257
2282361
1670793
1960248
73918
1516345
1236649
1403470
913554
647979
404170
2487526
502190
801510
2126132
1652905
828150
1634975
324441
1569186
905901
1435115
1140656
423065
178629
10019:
22036
1126085
487154
261890
204512
2350988
943653
1725053
1967016
2042897
513351
467597
475394
610785
1191387
2597191
289045
1466477
1970876
1259566
2049251
2535358
1041111
67095
1989902
1796655
1772740
2356037
884657
1367415
1394476
1137339
658929
518974
1568346
371346
1207852
719156
1151159
1882122
1340177
306688
2455675
1750548
2145783
1191324
389917
505579
814902
245527
1462807
459444
1591721
1214125
398395
2093048
1933736
1274113
1994982
258371
378543
1703266
2250647
2085688
2391227
2380848
1116868
2157768
1306541
1002:
2174660
1685301
2030264
1419286
2520929
2035568
1288929
1680156
1858104
988266
2633719
156594
1384253
1417842
10020:
922636
1967058
1949297
1562927
2138373
431122
1077653
167248
776126
722639
2341725
1252652
251807
1751559
2398282
705246
47787
1064752
2308022
2414321
945481
1854443
2035232
951643
2381070
1011906
908968
10021:
2366406
1033592
249998
1205724
10022:
510391
268014
2511719
661571
1824779
2178013
2104013
1829777
10023:
1429287
1321374
2563028
679315
1363076
982889
2107604
2286495
1756370
2317624
2548120
10024:
2059382
1210053
1654205
2027932
311377
2161379
1611053
516686
2529292
2248946
10025:
1791064
10027:
401511
2354884
1951605
1609548
2620148
37748
2414149
748800
1050405
408479
2361485
97178
329172
307876
812384
1619494
978638
825069
2472069
1837559
1549473
163607
932638
2106623
2611092
2602187
2310492
916375
1591556
2389108
1422109
764479
1945345
2308597
2092389
2505218
1973874
174668
672519
2568396
2015359
2228062
202876
2163080
2422758
536155
1179516
1503954
1967313
2577872
2327767
1169517
2269919
1608374
425537
1658682
669364
2057570
564258
1744450
527270
1656050
2420503
767061
1200899
712624
1955071
347886
1229916
1825013
402519
523629
58130
1155332
685923
2605052
865625
919670
1606382
1637481
644233
2011133
2055639
1766599
2032781
2609268
1561126
572440
10028:
1986255
1312610
1527666
1606775
1649392
1522640
440956
10029:
2293890
1141552
1823836
2551226
10031:
548690
2518265
1575474
2203195
1578801
2614194
1224756
2157060
1528644
10032:
2329101
569745
640080
177766
1949239
624145
709091
2104131
688765
1390809
336400
1268066
470044
1791554
1920755
2317575
2488926
1212320
996425
123345
799400
824189
650940
1573281
910244
1547411
2222535
2458016
83110
1274574
1587304
2214218
677039
1903221
1879733
662218
1563172
1724551
775034
884907
2174325
739713
1169824
61009
319516
750365
1819621
10033:
1989027
1227591
1810636
1335621
1001590
1207661
1401075
2403799
791223
639727
1957988
1762834
1381789
334033
10034:
2107088
69088
10035:
1651047
811486
2112205
2070135
2148631
2212430
822400
49255
801884
1303306
2268521
929407
2172403
282064
1985000
88318
1408280
2440091
1813810
1727192
10036:
2105693
842613
2557615
2125051
397569
2636037
2063030
2159553
1531624
437680
2091752
10071
472432
215393
1324372
2619107
1904442
646572
1970420
2461533
1880905
2030429
1845130
1521902
2161
2134637
417734
1010725
1261548
2316498
2494106
1082992
2541752
1317259
42211
2214676
1554836
234405
41897
2536262
2240178
1097048
2124584
671935
1677871
1223288
2192915
2068878
426137
696122
455707
1714077
333914
707412
9450
1390002
970271
1873549
2494920
32361
556369
504989
1030812
2350832
2401396
2207277
2035729
2646867
1154500
1132428
558523
8580
22964
1595703
1995943
2023361
2437646
2303816
336016
2224280
2438187
2465683
845006
1934299
2021702
725549
2031681
1441351
259822
812240
1723408
1994101
1184088
511569
2008955
576406
1371204
33130
1125370
706530
1511155
1787860
8129
2026150
1190492
1581139
1522922
2598077
1647159
2354598
997168
1008576
2046106
1466613
109154
2257846
2525634
1391499
2535303
1394196
1699044
857146
195153
52147
2398282
1715538
1981250
1585765
87273
1281611
1549677
355111
383108
180775
730570
1961276
1850833
228544
2344026
1841778
1372729
1801097
1197941
2006300
1227437
1438082
1109446
1956794
1791704
1914110
992576
264916
578055
782690
2383290
1544559
2179884
173760
747219
1782055
2646027
1984941
440949
924842
755689
1211291
2574257
2345522
220702
730768
2469669
1409483
713561
1994152
734075
1815129
1396608
1742906
1573284
2570733
171163
2090999
1636781
275039
2332819
174415
730375
218046
915942
875205
2418467
1384878
586402
2460085
1493212
54040
1445403
2067671
2186035
25266
260961
1451269
2213786
130601
1643234
1010065
1752442
123767
2063882
2178343
1722278
1449174
387679
76156
442546
10037:
253214
612895
769764
396150
2555464
1988133
560277
1839686
2569369
1845071
1627613
948108
1316833
911710
10038:
885147
1144499
1411630
1069925
836219
1417121
461985
1148007
10039:
102104
1004:
910485
1970126
1557423
2148643
1520624
1231161
1590435
1913414
1535671
2412109
1096854
1233953
225310
184574
2598077
1835453
1116907
1418549
118064
1000266
233338
348207
849925
350505
2563972
158703
1501401
721577
1809784
1891207
288998
10040:
2417853
1207062
2487973
10041:
869522
61343
1325876
1786012
2387403
1595112
505035
181533
786031
1695980
60322
1837857
1690337
1102436
47942
1772519
1383323
2087310
299599
2472289
2493763
1634482
506757
2448355
2626214
1099321
482812
1312680
1011503
1674011
803169
10042:
86062
449288
1200637
826793
358207
2478232
1652074
738504
2349053
1359901
1936779
501007
640618
2075263
618643
1852416
2588589
1561
433300
1824896
927805
1302047
799952
1628424
42498
442949
214174
592214
821426
1928744
1583895
2222492
2289165
1693660
1177074
1857643
780937
763194
18335
1207292
864349
1848920
1663166
1073838
1729740
2184817
435239
1586124
367549
1504619
2121851
1311522
1158233
1786012
1813345
1725691
235364
2011360
1219488
1304553
1081209
355734
1207654
1554383
1552853
918917
1361045
1349810
1678227
2147040
2000309
1993790
1117935
157714
1648860
1236919
1785115
1667218
1983122
2113817
1019547
826291
392760
277127
224519
2178014
1756743
966437
2426972
2410757
72630
415554
1421967
1330313
1588401
1101658
559674
2635311
1303129
2429347
825911
2365447
664298
1077278
1849693
1856770
1195825
1244852
1489868
1294368
977299
2582290
1681172
428062
602626
2603832
7766
2427774
1605305
392602
1408842
1546331
571530
658627
1411717
2060760
997695
1772203
136341
1255980
1406374
1244512
664419
1285139
1124097
183462
2158577
39518
123923
1115357
1950649
1055743
759913
2176148
1900271
2561288
1648015
1878820
2490806
2450398
340411
1829200
2420556
135158
2602447
510657
2568440
860456
2409399
2482520
1555238
2338393
2034961
2421856
2483895
1738659
1016514
648196
1464896
3521
1427855
2162416
480507
605806
1582589
2260949
126913
1462261
1501345
1818803
2531096
2162935
1249250
1165360
706887
1213808
1931370
2571652
936928
2465115
1293776
2063559
1594234
1521559
1302357
1929636
1570293
1236841
1645365
278603
1575191
1553813
793065
52189
365149
1287583
972752
2523359
1625264
1055810
1053673
2588945
317437
1819410
1933557
1624788
780973
1823605
2522864
582720
109760
2166670
2136527
2498038
1343496
208264
2228961
1743516
569551
2198877
2244219
1135675
1808448
1036933
1648727
1493909
763919
1377376
113283
2103203
350940
55480
573087
1863195
1268644
1818373
639330
2444942
1959768
402940
276644
2566670
1595082
618895
847600
1737562
2306124
2172898
2132469
2338966
312508
671859
2270326
1039740
411152
2249254
1492074
1023326
664256
2171578
1995060
1028345
578830
1082955
116977
1097029
1543693
2623937
931718
2524430
1116457
1838796
1661807
2166373
1519036
973661
551679
1039680
827712
417124
2346483
42318
1712565
1867253
818856
159934
1619493
2344760
1368605
355145
1598894
1486764
2304981
292258
1420468
2573652
2162543
429190
1818401
138064
1507820
1384977
1882731
823838
96722
2174770
533720
1248655
245303
1392109
2224280
2206144
2191211
1857745
2036644
1093116
348805
1252628
295633
222099
1585818
1846238
1891654
1371746
2126325
1874942
2088365
473956
2352245
1084427
2621148
118538
1756093
2090086
1538823
2639268
2287172
1683784
1529511
1149851
1381957
1316391
2176281
1968900
22601
2448196
1442411
1926334
1298111
2575043
294682
2082092
710030
1070065
2075183
2644901
312211
2340041
2426516
2049285
786420
2354891
1582028
2391518
1691088
1842969
1992363
739018
1700387
2138553
2562504
896747
1965448
2414774
774877
1862369
256499
1526753
1322407
493407
181582
1349128
66894
1915074
10044
2246937
372787
1095830
997960
1913378
1166011
2458049
1441831
2164887
2621082
1382836
162753
800145
508727
1937981
222333
1624040
1310028
745039
2166473
1111762
1006456
2378211
1663338
2428228
1860465
637958
1443724
2519453
435157
1597816
2266623
732802
2207228
2320873
914857
822956
1869720
19534
601966
2016115
2056799
954656
2484300
1221673
1154815
1233495
2174615
1152899
1329179
994894
1746493
1504708
2610750
1387120
2506300
2126942
427637
1531823
2609002
1941232
1860386
1693021
1227734
2583938
1647980
1593278
2198713
1665375
350839
1605801
1019149
1576336
2373735
1739377
425953
1202106
133101
2328661
906985
624733
83805
2073663
2082786
2380160
1005584
319250
779887
1034379
1435637
460540
1145793
1457053
2517184
1783909
764659
177646
2109572
1460379
1822764
1126179
102451
306130
2481821
1650395
1595895
200147
989696
308798
2478700
874887
1057675
51049
1490653
1219200
2384176
580058
2465985
1894354
346750
1770017
748664
2608024
1838411
1472853
2436848
2310036
792857
555123
409621
389183
1747641
2508315
1825107
2386027
2319476
1229941
1929359
1889550
1270747
836219
587070
886780
632633
1991078
1121007
8169
389419
839344
2014151
1212380
1937443
1557284
1697504
537147
135015
575716
1825204
1113423
235666
622634
1964770
292526
745471
2329488
1210584
2328842
2089117
403322
1496394
2402345
896521
1882574
115631
2082102
2578535
946605
925050
868648
151106
882246
557729
2357555
2551673
365214
136368
2642466
989629
1182445
1450570
1276979
2013806
658685
2356480
817008
924727
8092
1047833
767017
604042
2644973
659730
1623969
1522395
2056003
2626093
2499841
767701
695747
101137
623868
597245
505651
844638
1633749
241785
2457361
2459146
2165664
2340925
33771
452955
1452581
1247427
2004273
258266
1013608
1501998
1094319
737036
2077649
1520122
1703700
2646469
2383161
1658366
1552674
1689524
318829
1384467
585344
2138445
545822
1331750
1966789
727461
1139081
1360249
528277
2044027
2253265
860927
117293
79447
187518
120454
1185359
2289046
1033612
702625
541917
2029954
723613
247386
2342652
1495389
2223771
2159398
323838
1947574
1667322
1206394
645655
2357186
2267376
1292687
2155386
2293172
670517
2547289
1118042
2342489
382105
1729693
987437
1209681
1652220
2022482
1702328
1353383
49943
2012677
1133449
1622444
68197
127851
2410691
622755
1243693
1575870
1019582
147701
2407792
2395730
285713
2239486
420500
1386369
514932
1313601
1049502
23803
2102387
2343253
830599
1354042
1817991
838656
1944008
1083261
2430768
1241598
770598
2123985
1323857
1271387
1391737
2076144
376617
150344
485811
1892620
1438395
616247
879408
524762
75436
1660746
896185
1855318
1568122
1749501
1748093
2202995
47541
753618
2093714
2169244
1753788
2019369
2154522
909921
792199
2393691
622800
1749443
1063941
1055707
2433557
1012788
2394417
10043:
834820
852886
2204494
774717
1406050
2317868
202667
1728377
2048837
1103080
510319
2314914
2460018
969342
2596709
1267391
473246
2196025
13407
2057736
2488192
2389901
600986
1538160
2379921
1589215
725549
1992993
2511165
1767457
2498387
415150
625713
703872
799557
1001653
836253
1975605
1567145
99512
328303
627617
2541048
381361
19679
2273335
2335827
772801
618428
1186231
1876612
669032
944845
202018
2359108
2288808
291590
2448971
8061
1170683
1056747
1737686
142616
1921572
10044:
1443524
2179335
1641999
1084367
414171
1618140
2562136
2502874
2625427
2604177
1286332
136596
1643730
2605544
830051
2241622
421029
2202698
2053887
2399246
1453293
939013
182269
1213190
386568
1000554
123376
351076
2555414
380257
1777484
682084
1718433
346450
939871
569506
566918
1272486
406024
181502
2068190
728029
1302219
1696090
755723
471880
993472
1787938
36621
1293932
1974509
866430
2199443
1241337
2118726
177357
817664
595421
1110479
1279567
1563452
624343
325889
537600
10045:
2314434
10046:
1178866
803423
2506142
9953:
1357242
9954:
349508
2504157
741930
1394716
425547
278999
2628907
2011682
1976079
138494
781999
1354457
1941488
402261
28695
180396
2402711
1034543
1820558
1455631
534524
239417
1591056
2063671
997673
2647199
1861710
1702561
451140
1147239
511861
364980
2577906
1737152
1694532
1929441
792921
677039
2395221
708082
376732
1436768
1903221
321530
1361668
517148
77601
1491358
374009
390843
2450525
2024497
1293183
1297651
2495732
1061606
1458674
961599
763279
2201134
1640759
680389
1957733
229051
387477
1732004
823575
68325
486048
1021655
2561600
36469
1014151
2026015
2166524
1756146
814168
130350
9955:
289852
2171261
1934163
1580406
173566
1768277
1321036
9956:
1388963
9957:
1990724
1658868
733228
2257812
970206
9958:
269554
114937
1523340
2346201
1081207
275549
2354382
9959:
726540
1878900
1949726
2415876
2607310
158855
681178
1014928
851866
594460
2100731
215108
460403
1643139
968541
157419
2141290
2271118
2570397
1497710
1413799
556090
2501918
238543
1233221
921378
1368422
1122427
548269
2561844
813742
1045596
1607702
2491110
2095899
1710217
982821
677349
494966
2371114
162689
2295554
1547213
2118510
1447474
1934527
2386181
1944921
1836871
46469
1759176
996:
1648765
2143683
1587420
2383611
2524660
1366597
1827995
162556
564702
845606
2389815
1687612
279313
1476573
2174239
642014
735280
953585
2628352
1749091
969165
852012
396497
2116545
1334821
1467968
1481177
1374762
2179355
2623960
706414
2073410
451151
168962
2565955
1227656
1668715
1733394
1617471
1387844
162079
1851570
2507781
404465
1162965
2401659
416245
1533173
1161753
2294921
2040092
2468183
2310468
1956655
1190938
1877935
2513158
1071769
1207458
600289
2147251
330843
2426365
976642
733084
224139
1244397
478414
1231086
1740500
36956
1021263
2119518
2092973
465856
43841
1609709
795593
1159442
2529368
2074189
2560324
1270144
1433573
718913
1670960
141193
115935
863810
673015
1567476
849993
1895817
1985622
1183508
1030029
2531534
1386334
888992
125672
2456613
1699457
243821
2112569
247549
2068866
1235378
1731860
1915028
1983102
1272243
70384
666012
77341
2455956
1914272
1049350
1811303
384271
1586544
1810578
1967253
1817944
2187085
2450801
2608570
952442
796585
239962
1959789
1905205
1475722
1529152
2509278
601952
702189
1089763
1159861
1441182
2058221
1896638
24316
1058476
922321
1567576
474659
1434643
2266349
771797
803553
672255
272402
2294830
285398
172264
697915
546003
112777
1828251
369109
268060
1944475
959200
1362046
2519892
102786
373431
771138
1042246
1326538
1955132
1386190
1107090
1910712
2037457
791779
1358914
1131416
2349766
2012489
636429
1758871
411495
2177379
1112814
2343726
988115
1559673
581819
1165322
603163
1581482
389437
1180112
152710
2554908
874672
1486688
416133
1517170
2085051
2438156
666840
1454789
42072
938181
2412223
2218448
1573480
266821
2339669
2436768
338591
482763
1437947
421339
2134698
85458
729475
1844868
85915
344888
34756
166982
1262705
445537
1365875
900281
991736
1601271
1830325
2183894
1628405
788699
2542461
228116
2087716
2025369
2100576
2369102
344822
795975
2633630
1660371
1605498
2571494
691021
1826224
1357099
1011092
2382229
1918033
1916472
738658
2237845
962260
67518
353220
857641
306153
2021052
2335800
1638676
583234
1215430
354896
2542332
296061
321495
766547
1089944
2327752
1485
945815
1546617
1972019
407174
9960:
2549056
1789913
1573433
598533
1749158
2485043
821274
800513
1795365
968447
1319336
2545483
2172596
1814570
1511657
2036294
678220
2385153
765461
1773251
2352811
2382438
1040960
163147
500758
2289308
840163
797162
560821
79772
1628738
1609414
885219
1502066
41611
1886139
1512058
211805
253271
585055
384520
1123197
2551647
2321569
2540082
18986
2195032
1350398
651867
248272
379236
71059
2225637
2227381
260234
1888599
145599
90023
593167
1782261
820788
2641735
2004639
1631725
1140709
2494405
708790
1127458
267305
2303437
472463
1712027
414415
761160
1654015
2005138
1241507
2151023
2624387
2256127
1748894
1901127
235211
730659
380765
2160684
1055651
218910
2324500
1740888
185971
355145
2103274
862511
105361
827080
92717
763953
654884
1305371
337412
1292919
639596
379563
1530809
149826
736701
1848865
1266778
1648178
534193
1514935
875170
472830
1263318
530805
172344
2518384
284793
2300027
2185496
589768
1708931
2049285
2345015
481640
906813
2022178
2132764
2112912
2586007
578799
206045
290970
1354920
1434934
1422175
262862
1271784
2507201
243766
2122903
1056494
2336847
1385170
1722534
571869
900069
1890641
603350
1730773
2624154
1443472
864399
408591
1984013
1017586
1790809
1215092
450126
1753307
1162405
1140367
496488
1003754
2585238
878114
2302791
887928
2013639
1674333
249180
2258706
2372703
1337313
2406949
2230593
82316
2407526
48307
1731274
1572776
938173
2506837
663355
327417
203109
2434795
78550
1297634
2328842
2025715
1721113
1089372
1136967
2142901
1246380
1794760
149019
1675620
1563668
1334016
933250
1906492
1949639
1881507
1789920
486071
2325997
522453
1970225
1914748
739974
1025414
207461
1170411
25009
2024878
335015
2328059
757020
443319
2070952
853381
2358537
2379987
884422
450796
1280131
593554
1562919
998503
1771719
1570413
2317802
680162
1144465
1856558
2647190
738064
2248220
2054700
2167100
504105
1046653
112592
1040097
2400035
2430231
852819
42014
2611933
500805
1160082
1528099
976202
279445
1783672
1644385
555962
1119187
850878
1026468
271143
934625
2631911
1852918
9961:
1266665
1734649
426128
2298006
174365
2571850
2538212
116101
1914674
1228200
2344684
2391026
1275836
1243051
1688079
1450376
1891279
1035905
2627656
2345100
2103439
1323891
84400
1875589
762779
1271812
769613
1725015
1754091
1012887
938655
1626720
279234
1121211
1474415
1077540
400116
327400
9962:
1869926
2008087
323269
1570281
9963:
652356
513501
1122399
1828042
663882
1224025
1204018
943314
9964:
2081817
2301497
485943
1990521
711865
606308
33465
509677
1560019
2329805
556059
961678
2590925
212158
959957
1379550
252492
799102
1535820
1312282
414076
68097
1680063
1181573
970978
964018
1820892
2362135
2574195
731341
1281152
2462978
851548
1694440
1303769
82197
883196
77658
386246
526359
9965:
1797166
555018
1155569
2179021
1401267
1845668
2573688
902944
9966:
278047
2079929
803734
1767179
1586849
345940
2183914
2646830
1657672
1168532
474700
30815
891625
630531
1558355
1688771
1089603
1025536
972294
2106068
1134993
1134793
877541
1283300
426884
466775
1206755
2337795
1156643
1947518
1339506
630457
1076973
2477340
1086168
1434059
1164815
1962128
580056
1870615
1257299
637206
2249968
1173757
2642102
394563
1957291
1041198
1113190
522712
2151488
1381097
540803
2028180
928740
1061638
2591322
45016
2440932
2476266
377331
1714630
1513265
1031255
2227938
864012
1037596
2051935
1498109
261578
1018244
1021638
40757
1682278
2602400
1448434
204041
111125
494868
1224755
447406
2046351
316527
2281042
9967:
1746835
209610
9968:
509518
183683
9969:
669662
1722664
997:
939283
126127
379107
642195
2483976
861768
1683161
577480
822551
381337
9970:
2278190
127547
1058902
527052
1714983
1001413
1099179
1878136
749304
2419726
1599407
1795576
531732
2212417
572316
1282878
709767
428318
1623447
2064359
2177511
38996
2409624
2102742
1042148
1198389
391438
189152
1280761
2414042
370539
2013808
1673131
2458290
808674
1018814
426078
553823
1971630
2161088
9971:
312110
1430466
1274754
493689
9972:
2006132
2381917
1203432
1121383
548418
1244898
693356
1593250
187870
1748073
2594209
1744339
1034322
9974:
1462151
1024535
2391096
867162
2532688
1876896
2563601
1356835
1849372
1675794
499334
1579714
2535210
853151
1596284
1385806
767826
9975:
1124974
862596
434848
137341
108936
2097249
2560020
1999075
9976:
379957
1792333
1277109
1542171
2212455
769643
1326900
1340938
340008
600815
718112
731248
1566641
507130
1860427
104348
926471
1484146
660959
2425137
1535629
291552
2646179
2108198
2048197
2212081
1904509
1228185
574368
1760851
9977:
1696916
860915
1623397
2100462
910404
592445
2349040
218734
1241395
2350131
1691464
147182
205239
1508036
553651
1349453
1080950
1271817
1157302
9978:
2226601
1034611
2478510
1382328
2099372
9979:
108031
2253959
614469
335236
2142748
998:
151209
1753332
939094
2244085
2267369
9980:
121832
419072
1541638
1123410
1987866
2192258
1422740
730002
9981:
1359983
1506089
71390
845912
814517
71712
1170807
690266
1822079
30391
1793342
1629522
760820
1261834
2170201
1808539
381381
2451459
1217575
1577724
580414
1991601
2448946
95183
1433954
1475790
1707310
882281
819166
196984
1540655
1542247
1795069
907857
1020479
2309429
2445812
2406529
1646777
2247096
624976
2540652
245667
2008107
1603196
2399876
2394035
1362840
1983268
660547
1363250
160306
1270812
2368895
766333
486403
800893
603781
1756082
730354
1463139
2340502
870787
191685
1190904
2587984
2567280
1505471
553143
1800607
2167513
1305276
980987
1892712
2433841
36669
1590921
595285
55406
1884346
1663475
2192196
2323179
1441938
1838411
1834774
1331891
2418918
1365323
2224171
855422
1298874
1109400
2311197
2088569
458138
827310
2202342
935755
474049
1893676
1243615
2436533
2087880
790411
1567353
2368684
982661
1429971
941971
1329734
1667807
574513
2041650
1064911
2070820
1665012
2314951
824635
9982:
866739
1931102
472172
1777847
298587
2352287
9983:
166663
2426793
2428988
1747332
1226091
2494367
315069
322417
2156932
2123614
1502136
738136
1257751
1126078
805004
1721460
607191
928056
2637216
120828
383292
241056
1514578
1236209
391101
924380
680155
86994
804533
2121232
2373114
1680373
782502
645087
1806311
1993351
1874263
2609412
1913536
49089
9984:
2497047
885878
2640984
2627593
587473
2610168
185781
1787459
1487668
608891
474592
523142
1792263
312081
2062922
2432658
2122854
1970310
2169373
329970
1603965
26116
697831
1171464
1741484
1140160
878692
357490
1221346
2535525
1319649
2081163
1526188
2136994
938923
281133
210880
2017138
2337600
307774
2355320
1962309
1924658
1566682
1214273
1546809
2122139
260188
1790979
138507
1532119
2573134
2541891
1954431
1690548
1418755
1653637
1047492
1409465
2611714
510881
1414343
1016619
2362238
822507
2124558
1173724
774016
1182128
1257055
1678483
1255910
185205
2420368
91254
740291
2350839
1496453
271991
1847518
1730689
136504
1817991
32461
1197948
621393
9985:
2556008
919454
984936
87153
181594
1341972
1689013
2420630
2008349
2252814
902702
1035520
989093
1699845
2335381
1091835
2153970
1126408
1882450
1783117
174644
1460008
978593
2273561
1067303
1092645
452905
1155602
1463348
902748
747422
1249193
464335
830762
2175634
2239709
671337
2204653
1397583
413945
1183823
43209
2605404
57648
994185
1269137
2277793
768684
2385719
108311
1384354
463894
1293310
1690637
1600747
1239100
1519914
339666
200714
1632745
2185057
612234
1775332
912036
1061240
1995379
2396007
112260
1021220
9986:
1809758
210907
2199439
1047007
2520356
2231842
1538044
1212467
969753
682217
2420535
778486
907985
1572042
1815469
1300942
1824910
1635194
320707
2225344
1385862
62361
2545927
1739782
930789
10630
602270
2558773
911390
1021166
416881
505249
1197427
107150
1068015
2015346
2237405
156183
1198276
1825620
848753
1233091
2100787
462957
1980771
770894
707243
1709861
2645498
1081393
1942473
2646657
664825
2259665
2075951
2167181
879551
1633251
2468330
9987:
2557070
215405
2324417
557544
237567
2223988
2455506
2475151
47032
1374697
1441518
399755
2096942
1304156
2648416
2329131
1271765
335873
339829
2232703
894177
257817
919816
966771
1892633
459317
1058100
2244894
1155918
185723
1831188
374514
404513
1482453
2178278
2566731
2356165
1243541
1551139
544740
2189876
1081441
1627662
1671056
2102706
2434541
2590408
1820919
1960954
715966
1406096
259035
761884
1146898
1403059
2410603
525978
855605
1033920
9988:
551587
1994097
1721678
2642752
853872
1214262
2189854
2500833
1947062
383038
2079530
1595787
2623694
2465085
1901262
423038
1987167
418639
925290
454557
537482
2587643
158693
873526
9989:
2026414
505558
865727
1800566
999:
1368356
1748518
1686297
2504950
2346329
232047
2192206
1614384
1459773
2641934
2467845
1762067
2528285
883247
2111370
2377472
917160
9990:
1955570
2240489
1019766
1436465
2017966
2345643
2619241
1623203
1714156
9991:
963134
1262283
2043746
1289965
1892326
1498198
1297073
14131
758784
749504
2150534
1890915
1696663
1919807
257323
1546917
1380457
2407080
2334917
1026182
797225
1513218
2256602
587117
778486
2562627
1110258
1291195
1589177
83893
574447
80348
1167451
2310114
2413104
1259067
2304924
44185
1063164
2155260
2256573
337531
340875
1099984
2408597
320953
1787515
2489680
148448
2456969
1071254
384135
1454504
2286300
1720130
2463905
329777
1639751
1453713
2430907
2564852
1051788
2531244
1317524
1091547
273380
1120862
945962
355869
1904440
2065233
239297
689585
1860572
2387289
1981724
1707254
2114595
1302862
870170
1139111
1564115
1650838
859446
725492
522834
152082
1488980
2481417
2566684
456698
1626367
2101827
1026855
1167607
1738447
2336203
610101
506650
2240589
1061927
797775
2300288
812666
1476243
1981665
2437255
42176
1679654
1139645
2094521
1359777
1116132
1601861
9992:
1729134
1882802
9993:
2152176
1768010
540709
1683615
1140115
1996300
2412822
9994:
912950
2276333
121524
2251347
1441619
9995:
824097
1913324
560942
2089193
937434
163546
1771303
486573
897464
2469808
826041
2326407
889725
1523998
1173459
1763537
85601
1451183
2579961
1137411
1626521
2140671
240851
1365671
2001195
250836
1131510
1427987
787968
2336219
1022395
1323070
239208
275498
1743988
126681
2529759
2238529
2090165
2219926
774958
793027
1404109
1740800
1378830
441178
1198298
247846
797049
1322867
202273
792817
2436032
2370866
1510947
1276114
2296244
1742919
301841
1211133
1384452
1582387
1293796
2556754
1841210
939970
1945118
2376038
2077668
105596
2495765
449537
2429248
1197904
651851
587879
1337310
1953492
2393202
902148
2468512
1619737
2499020
1507400
2387221
360581
1760325
2396222
2446386
1901576
733906
115438
2354195
1891935
2109227
31351
2062044
254600
378346
163357
1574344
2460019
1792347
1034153
176168
1244036
1607106
2296531
580802
2046572
451597
54412
2636478
561377
2481460
1541262
2501711
2132108
1020337
1348230
1122509
1422737
743623
2056549
153068
931503
1119629
642578
559034
1654132
1927428
1822249
8450
638866
765308
2586849
326839
2127784
1243729
928595
198755
721144
1232910
2319523
2269901
2420298
594219
1595489
1020352
564436
2218900
2512727
846555
2385402
544778
350782
800940
2594711
709562
49351
1547773
1923432
2488514
1399334
2245749
2269385
1256895
580018
1674641
1473556
1675984
1582340
1942272
2045481
2007300
2285360
136306
2198383
364710
1863485
1292195
1132000
1952718
1009577
566240
1968999
339288
1605131
1392114
1396663
1720424
2354939
2047814
298221
915668
1564010
2144572
639434
825578
1930058
194929
1847661
9996:
66828
1149582
336696
2462908
1589627
1720226
1194354
592532
1351081
80354
16792
481320
899431
570792
1619158
2571420
1817485
1206224
1553993
9997:
2179700
1347835
765578
2328701
9998:
1288730
2536567
1107317
9999:
1473765
1:
30878
2647871
1283744
2488120
317050
1904905
1989766
14756
1027056
1149588
1394012
1406595
2529547
1682104
2625019
2603381
1774623
470861
712610
1772839
1059319
2380848
548064
10:
1952305
1531863
1000:
2326571
977808
1010534
1861759
79755
98259
1960212
97460
2623506
2409123
1959111
809597
2251189
537705
929584
506737
708895
1900790
2553920
1196779
2411446
1002296
1580442
100291
433455
2368043
906984
10000:
200206
523108
10001:
262828
2609496
1474804
831991
267142
2305771
220050
1959883
27822
2570808
90355
2417258
264764
143866
766895
714089
2350428
