14179:
209274
1595621
1179132
1268430
2552949
883505
1418:
119638
1502043
733849
2104010
164344
1239485
912769
2154453
2376747
1923464
2366413
1466332
1330878
791156
1144078
1505234
544109
692876
261880
1779104
1946585
2558092
1816966
2590954
1449421
2215969
475256
2524849
1595451
403504
1210821
1461010
2395817
787779
851668
1179275
514495
1804519
90458
1445724
704651
133242
2191648
2521437
2052390
563601
1136746
2263988
1731680
2104954
842157
1476270
1729456
1854962
2128434
2409499
1738557
2216966
1442131
42810
2517727
282447
2470242
961030
2548264
2028731
2024189
1535963
2342070
1855590
1659011
1405613
1723455
484849
1332116
473702
1690507
1724044
2166180
1919156
2342415
1333005
1702415
817342
697745
2306383
43564
1708366
1342786
944937
2219173
2504134
1668365
917508
342268
2524183
1690559
933526
252633
856992
718437
586420
1479852
2592393
1277321
228061
2553646
755607
1944259
1045360
1867709
699210
1644032
582431
1182417
585953
1852040
1849627
1610456
1064519
1997474
51464
1902385
1651209
1941785
2021849
919231
14180:
1792226
257294
1974945
1618140
744640
1436327
2441439
2359505
511093
1896541
2100498
1879189
711068
80014
14181:
2518523
1717736
1740054
173472
2273966
446595
2577857
2222562
6847
1470644
1553636
348000
843342
387170
894081
1001525
1255910
763643
1929901
476297
308485
837349
14182:
1532735
2166555
1405308
24644
2613769
420220
1457335
2381007
347605
910505
2034768
1760885
1291835
99493
349067
14183:
2047706
1429619
177441
2132380
256189
2094929
2023205
2135839
1837842
1056542
897304
2165664
624987
1102770
55561
382960
56393
14184:
236957
563218
2368704
772631
1627904
417026
1157364
1215114
2163993
2521127
847878
1668169
1313162
783452
14185:
2217289
1632018
1958218
6721
2328826
2321856
2475229
2086868
626963
667110
794216
2306455
456475
1078761
639977
2619382
518740
370267
2642206
564931
465869
648219
248039
1217517
1686984
1583787
1710440
848256
964254
560397
1486874
714971
1624557
1726416
1068276
134770
980193
621895
1988327
2071971
884499
1828124
303637
1783694
1444335
2037990
1756206
2370481
1401150
1310774
890833
2045348
1832715
122175
1163957
2025373
2513956
212332
959045
2335231
2237870
450924
2300587
110584
2637556
461394
2212531
942528
766821
1837594
1462058
106135
2139793
2082498
53784
104414
1914036
2484595
1735441
1143528
1344925
2134917
1100958
145112
1147725
630573
939349
2330341
2497604
2298975
2103778
1879137
1778870
1225475
841408
984016
415663
1385338
2337309
1923670
146118
1426710
1259176
157326
2301737
1037044
1678969
518770
2210981
754171
1130909
594204
558872
45619
2627662
1515842
1059264
2306987
2510461
764317
36204
899592
1198849
1921633
2163371
1981497
937713
861340
1957868
1130225
691243
2177547
1306780
2298799
701627
2587206
2561012
457829
1153034
2546275
1367127
2571556
171571
261708
2000119
2384687
389811
2390888
1199635
250988
2598562
700272
610202
2087472
232692
1523902
1143904
2288688
1064067
925759
626420
910699
1369823
1684744
1244247
2495607
2479344
1337537
1168219
1644233
888823
1574359
2112949
1396642
2255484
2451257
1381503
641496
1601801
1349167
2280196
13227
1138467
2576466
2509044
1210671
812928
1672873
1183475
547458
495324
2512128
1985602
1731464
581109
722175
2367417
2342359
1716672
303029
2644252
387554
155228
1378857
2570309
1045440
2499836
622290
732303
2608034
1283508
1867825
2648178
57082
2049571
2294531
1159489
2401396
1268424
287361
1699177
2047460
269113
2328100
2612341
644396
798458
508762
2545811
1693603
2283041
1242811
1081670
1113293
1384123
1934408
726493
78112
2397371
1306293
2456018
894763
1292382
757277
1548219
1572644
1480539
1711905
2214346
2590984
902787
2160476
143006
590353
665689
101789
2133710
1580931
90332
2358371
591325
1379722
2162653
1605926
1373455
1907675
808143
1363059
742950
1039628
1253857
658424
1925941
595435
2118898
144430
293922
2549474
1750138
523263
78300
2629452
516268
181644
1591140
491739
1206288
824722
146973
72990
123326
1288326
1425719
1626512
2220546
44412
595896
1549106
2175275
916738
2560114
1070065
161051
2376241
360633
1423504
1907228
2306494
919829
2161994
737114
1380674
2065674
8625
1965448
663435
1576694
2634187
2028365
1655578
1361860
2397637
604758
589069
298890
1911583
1403291
1538492
971538
491376
2469483
2003020
2182628
1403764
2425524
1673172
417614
2293827
538188
2096546
1210270
2259356
647425
1674658
205521
1042702
2543081
1217131
542365
254508
1234383
2098647
1485227
636093
587361
453033
831885
488622
2447704
1071160
730856
938774
1471264
845768
1981973
707095
840775
1675479
912890
2153869
1310754
300765
1037808
2539534
183305
856802
2114751
905075
2101064
1220542
532060
1688144
2604227
359322
381614
835369
1031600
2582768
1775196
426214
2545414
1274991
408611
2433524
206024
2150985
2482515
1067664
2066307
451916
2115237
251208
551905
592858
1745498
447414
2038395
912717
1915418
453123
2621360
328741
920714
1382928
2445099
1546281
673233
2037693
413528
2472275
811110
194567
121390
657465
43148
1421254
326286
429110
2352332
1176706
2154397
2583431
2630729
2557033
2428653
680675
472673
2566731
2124788
395709
914049
1305960
935601
1646515
2192701
1450198
1774805
629377
37387
1173909
855933
2330309
1930402
823397
1503951
1642627
1115173
193925
1483686
38330
771828
1204403
1963327
1458015
2554302
2384582
712550
988961
1777845
2018555
396189
1622170
1228353
150155
2164001
567517
142517
1618658
1661697
391014
834028
2147353
127425
2488514
2136630
2567262
2316381
1039127
974353
759747
1720870
1938878
600825
691193
1322256
1505438
1004828
1922609
2197150
739095
1402708
2365626
415219
1724933
1806118
1683659
397340
346940
229351
353668
631290
112122
1229664
2036477
2172559
2634749
1811913
783130
2593838
1458955
817691
970019
1861311
1803183
107111
668013
565894
1041693
299207
572103
248348
804824
1105191
835528
202353
2351956
2158608
941392
829083
1497060
2435135
2275860
986436
1813598
482409
1106675
2331016
1795192
2086061
1477257
574951
2189563
1627405
2140842
1021504
1902897
2034016
2005238
448460
783544
1333976
1695287
1363312
2076743
360564
2404684
2514418
829943
836240
1936746
1317065
385543
1104740
1811767
868835
1654988
2535992
2404365
1243797
1407566
2277177
2450940
2573543
394513
42014
2352491
1209162
1563028
554519
300134
2485319
2256052
575781
844115
2591212
484893
1417489
1941876
1468657
1971630
631398
1329385
1909230
1351661
949144
1918556
906579
185652
2163169
922400
2104229
734579
645558
1522132
796799
1841881
763596
1209104
2529585
978137
2455326
14186:
2312677
1420929
191470
1067883
633403
862702
383343
2148081
191843
626472
2374756
2628417
1910856
1834021
2333859
1616386
1894334
759134
964500
779997
982533
1598918
14187:
132411
2301434
536858
555189
341093
1587877
2190433
2412588
194705
35132
1246370
930887
1146649
1288662
2345785
1581043
1752096
2113763
1225326
2551402
139135
950619
109124
2274776
367619
1801586
1427574
1754348
692876
2538794
633961
565538
1800301
2547906
1828768
306592
2627520
1348868
951035
1705977
2520464
1165360
1856994
2010710
1934464
2145541
2146138
1716408
1008688
1606993
2071755
939000
1942036
2454928
386503
566850
2391169
2474882
221090
1755262
59800
1563063
1631005
2538170
851822
1236351
2229638
2058324
286364
2621383
134056
2027275
1650098
396046
1451495
995963
2441989
1844202
2358431
2126446
1407592
2587667
1603340
649582
611783
2474462
2060001
1250681
1179883
2359749
1167945
377185
2782
1302573
1082111
841739
293897
2042487
1992475
2560037
838856
1431917
1745738
808595
1223352
715325
299810
62828
1385259
2386710
440729
1810355
2004055
858902
293460
1350955
887815
2193991
1649321
1627482
1932018
798254
942554
626542
509305
2072282
758511
329670
1486146
2601949
594683
162061
1412844
577849