1:
30878
2488120
14756
1406595
2603381
1772839
10:
1952305
1000:
2326571
79755
2623506
2251189
708895
2411446
433455
10000:
200206
10001:
262828
2609496
2305771
2570808
143866
10002:
1450941
2581993
10003:
1515111
10004:
1737087
2140798
1291600
84804
1186407
590598
2499539
129495
10005:
254775
926698
10006:
1093333
1534853
10007:
1204847
2160216
2419805
1340891
10008:
1813636
1492860
10009:
1927533
964421
1001:
1050889
239718
437680
1926199
74408
1358422
2176030
224172
2580275
1995906
2083077
1080407
1149181
1727516
1198786
2591056
52736
1274754
1107351
875020
672807
1849372
768710
1603215
1381762
2339869
1924771
1181907
25452
396491
491487
2642897
126058
1947287
10010:
1462925
52050
815731
1088633
2034703
1633365
2113696
10011:
1624701
2646826
10012:
2445069
418164
1913770
56741
10013:
2503691
1346139
225422
10616
2246803
1846387
1321443
178089
105997
1233535
1715286
494014
1006623
221590
397753
10014:
1626179
430376
10015:
975179
933118
1312973
2602717
1395812
988835
1623337
10016:
1751359
1604433
10017:
2280428
1129341
10018:
305767
2316945
2119257
73918
913554
502190
828150
905901
178629
10019:
22036
487154
943653
513351
1191387
1970876
1041111
1772740
1394476
1568346
1151159
2455675
389917
1462807
398395
1994982
2250647
1116868
1002:
2174660
2520929
1858104
1384253
10020:
922636
1967058
431122
722639
1751559
1064752
1854443
1011906
10021:
2366406
1033592
10022:
510391
1824779
10023:
1429287
679315
2286495
10024:
2059382
2027932
516686
10025:
1791064
10027:
401511
1951605
2414149
2361485
812384
2472069
932638
2310492
1422109
2092389
672519
202876
1179516
2327767
425537
564258
2420503
1955071
402519
685923
1606382
2055639
1561126
10028:
1986255
1312610
1522640
10029:
2293890
1141552
10031:
548690
1578801
1528644
10032:
2329101
640080
709091
336400
1920755
996425
650940
2222535
1587304
1879733
775034
1169824
1819621
10033:
1989027
1810636
1401075
1957988
10034:
2107088
10035:
1651047
2148631
801884
2172403
1408280
10036:
2105693
2125051
2159553
10071
2619107
2461533
1521902
1010725
1082992
2214676
2536262
671935
2068878
1714077
1390002
32361
2350832
2646867
8580
2023361
2224280
1934299
1441351
1994101
576406
706530
2026150
2598077
1008576
2257846
1394196
52147
1585765
355111
1961276
1841778
2006300
1956794
264916
1544559
1782055
924842
2345522
1409483
1815129
2570733
275039
218046
1384878
54040
25266
130601
123767
1449174
10037:
253214
396150
1839686
948108
10038:
885147
836219
10039:
102104
1004:
910485
1970126
1231161
2412109
184574
1418549
348207
158703
1891207
10040:
2417853
1207062
10041:
869522
61343
1595112
1695980
1102436
2087310
1634482
1099321
1674011
10042:
86062
449288
2478232
1359901
2075263
1561
1302047
442949
1928744
1693660
763194
1848920
2184817
1504619
1786012
2011360
355734
918917
2147040
157714
1667218
826291
2178014
2410757
1330313
2635311
2365447
1856770
1294368
428062
2427774
1546331
2060760
1255980
1285139
39518
1055743
2561288
2450398
135158
860456
2338393
1738659
3521
605806
1462261
2162935
1213808
2465115
1521559
1236841
1553813
1287583
1055810
1819410
1823605
2166670
208264
2198877
1036933
1377376
55480
1818373
402940
618895
2172898
671859
2249254
2171578
1082955
2623937
1838796
973661
417124
1867253
2344760
1486764
2573652
138064
823838
1248655
2206144
1093116
222099
1371746
473956
118538
2639268
1149851
1968900
1926334
2082092
2644901
2049285
2391518
739018
896747
1862369
493407
1915074
1095830
2458049
1382836
1937981
745039
2378211
637958
1597816
2320873
19534
954656
1233495
994894
1387120
1531823
1693021
1593278
1605801
1739377
2328661
2073663
319250
460540
1783909
1460379
306130
200147
874887
1219200
1894354
2608024
2310036
389183
2386027
1889550
886780
8169
1212380
537147
1113423
292526
2328842
2402345
2082102
868648
2357555
2642466
1276979
817008
767017
1623969
2499841
623868
1633749
2165664
1452581
1013608
2077649
2383161
318829
545822
1139081
2253265
187518
1033612
723613
2223771
1667322
2267376
670517
382105
1652220
49943
68197
1243693
2407792
420500
1049502
830599
1944008
770598
1391737
485811
879408
896185
1748093
2093714
2154522
622800
2433557
10043:
834820
1406050
2048837
2460018
473246
2488192
2379921
2511165
625713
836253
328303
19679
618428
944845
291590
1056747
10044:
1443524
1084367
2502874
136596
2241622
2399246
1213190
351076
682084
569506
181502
1696090
1787938
866430
177357
1279567
537600
10045:
2314434
10046:
1178866
10047:
205729
193212
10048:
1590947
1293456
10049:
1430873
1005:
188792
172948
1992424
786246
10050:
578168
498400
1619179
10051:
1992514
1181854
2068042
333589
974174
526154
10052:
256656
2597320
10053:
2498427
2346412
417525
2181455
1782074
2640042
1712565
1111395
2070471
22415
700467
884498
2593690
1180971
1500196
2399472
2165004
2170999
10054:
1287459
2106757
656104
1728861
10055:
858554
218872
2166546
476167
1893955
1228362
320564
1755262
1475698
499003
2187995
224795
2634044
578782
1899671
1282499
1637265
677023
286483
1500082
10056:
1787873
1124592
10057:
287967
969182
10058:
1300105
2626413
10059:
962754
1006:
1004708
2406158
632767
1248774
286282
847471
135797
2328673
10060:
2205605
2487299
521705
10061:
2603559
129921
1435041
324903
1615526
711675
2038901
1273677
2306379
2579439
510701
2374914
201896
723135
957170
1406976
2362194
2103468
1975589
1996245
848998
1265308
447137
56515
1225857
800563
2294599
1748322
1235827
141483
2326969
1247398
1178380
1575209
2439077
2266201
306431
2000525
10062:
1084001
10063:
2646124
846288
1147138
1989258
10064:
66853
2242375
10065:
2644587
1866984
2030254
2543696
337701
517128
1345167
2043181
904331
624813
10066:
1544919
1943448
10067:
1747200
1678519
1715415
10068:
2169183
1477194
10069:
2140139
1007:
95090
2202141
10070:
1611581
2116105
10071:
2278157
2608100
993168
2469183
210214
2284829
10072:
1721684
1541854
968466
1985518
1045844
2091440
184077
1056337
1784778
512410
272211
539873
2446058
686487
781293
2256692
63275
1695902
2011431
10073:
855860
2524705
1754430
1064540
1566161
10074:
2008983
165823
1810386
343906
2535562
10075:
2646449
10076:
2272830
2592263
10077:
1707924
1274786
600141
1498624
10078:
2620220
582862
494658
750543
831360
1363161
1362948
1066271
2637925
1423199
2328544
2525160
618603
1661120
1052469
1763857
2371095
1203316
666447
1458894
1138491
373574
2359760
1994790
1317760
2270767
1661357
213865
903214
2548357
1839639
2185950
2278778
2503319
250595
189661
10079:
917805
200206
44620
1287249
1072799
2117566
1008:
32950
1733072
124611
355479
1631646
1691141
336778
2387637
1301605
9781
2258412
10080:
229220
1296825
1409611
624334
241712
2452192
1239426
1121110
1361853
1216933
384781
2202242
2633459
356410
2456331
505375
21212
2209932
1135980
768929
564596
16477
1463625
2366251
1455730
1233631
1879955
443286
1715756
602785
1283908
2465094
2056256
2350485
1438634
2448511
1672587
1811113
2192915
2440264
766313
1489023
30514
350766
2598710
1691409
2160193
91871
1199710
914140
7196
2452067
1085087
301168
2404428
657748
1744593
2286662
2136561
2352346
577593
1974927
804414
2109088
1591087
1614968
1568512
1904049
1343081
1276931
1857316
1424084
2195212
2456061
1594836
544859
842037
958305
2386652
293549
1496400
1719750
2351833
386625
1500288
136323
465831
217756
1346104
2555680
1499567
2368485
144078
845731
2548806
182008
1777316
2512596
1504049
2374401
2593012
565431
1460899
1865133
833881
1452696
68925
600245
2241042
2581018
413837
390307
1062836
1062444
1819769
2182599
1573067
22642
2296857
818782
2128216
585993
220842
233335
1684116
282186
2017203
499406
2241897
1985490
2486013
93893
2189707
487574
1371089
405349
1552299
2438325
2197594
916397
1009771
