379:
1236924
667096
295813
1595688
1725081
1305099
491326
1130049
1001795
1005966
299500
3790:
2164976
136601
919860
1113363
781789
3791:
366785
402312
2081757
733937
2352307
1083156
3792:
790439
1917241
631813
2143323
1422163
239923
453316
1637817
531533
1737210
2639605
273475
1442032
1079251
1182684
113536
3794:
885013
743752
1146468
749954
1699600
608196
672450
907276
1350071
2616776
1312439
617640
379019
2107483
1814839
35887
729527
1630235
80381
67006
2014054
1826610
2286426
316316
2468774
587380
1114619
1277527
767627
1181605
394014
1518433
1935625
1205534
3795:
1612558
1209966
626655
1448937
263962
1190532
2545075
2029909
3796:
760913
296989
1155081
1784371
2529556
131683
1928485
2205176
1893
1231800
2159656
983737
619263
1937854
383073
366677
319343
5281
1043253
1219539
544831
2123803
2432067
2303394
2376438
2131978
1342673
1633973
2566853
379563
406365
1150512
2250109
2193044
1758564
1216825
904686
2159316
45512
586272
1309691
38086
935085
1773538
1587359
1773723
1201988
376219
952388
2180498
1034785
2304653
344507
1499168
714693
743043
953653
2587044
707344
185226
1959186
867925
3797:
833763
2274587
308618
2128623
2000332
1134213
2234169
1025513
2365890
527552
904562
597776
1590705
552517
2211674
1629672
1322940
753230
2128735
838395
1870129
2297310
690777
575875
2284283
2531099
1405915
2438096
2060327
850636
3798:
2119856
2125213
2039337
567025
1322840
817251
2200659
664339
2501156
75619
1335711
1554938
45821
630740
1838886
2100087
1307956
2535826
624301
2094118
2647444
2622904
785140
1783700
272074
1119781
2482670
1660478
2186032
2174603
1846368
886074
585578
58571
1957522
2041490
254168
259453
1934306
778941
193714
732173
473462
658621
714550
1012713
453622
110710
124840
1216094
508112
490917
677314
706559
821397
2155931
1767150
1310752
314404
1508629
745220
894029
1383797
1301077
1309417
2646106
2034915
1484055
2481515
2073410
125501
165906
1604072
1744265
1084423
2444961
1513932
2281124
516498
2162415
171840
370767
976813
1861903
1135377
1077297
1587993
1291517
1243069
1069612
1304122
1923852
1952261
5749
2062580
1080155
1255677
1558453
1996360
2429396
2217821
654506
505335
46344
2022285
1964049
2493933
982872
2184048
194576
2313072
2491181
2446740
2079955
2131138
2208495
89140
1542673
1805871
125868
1252456
730914
1927534
1782341
822414
450227
1975124
1842994
1271111
144687
1000236
235270
2190984
2329012
2437281
1581822
2335153
2436032
345663
746673
862532
515349
2526087
1011442
2435127
367025
2063366
2245883
436201
732907
1109048
1587335
414686
1350508
1698022
1894311
1245668
1736012
2385258
2458626
1170987
1073542
2266740
1788618
929220
1149024
2480664
2461759
660908
1815697
350374
1790210
2445626
2237318
2213246
165926
287379
791678
1734174
1575732
2569552
69321
2368113
2459702
1814190
2379296
1251028
1848539
1039270
2259446
628298
1646618
78913
266395
778171
2167355
393140
1321884
1570562
1713235
639872
631849
987717
1380078
1507275
464004
2505128
287725
1187806
1838344
281411
2265885
1341539
2500376
1092430
1831224
762213
1032909
1474308
676524
1057176
209608
1903329
1283882
1788453
1586667
1414566
1812055
1200544
1523097
1382407
298193
2249595
46842
186776
459892
1486130
790889
119831
1217274
490464
861129
240342
2013922
1795474
689956
962274
1097589
1429733
63120
56218
759526
2288518
1390249
640911
1736256
2215165
2109583
1787361
2033130
1676526
2432070
679638
1331200
486845
49833
71435
939434
768066
333555
1415331
1752738
2391310
182662
2572064
1950027
975417
2638348
715287
2443432
889447
1628209
1674893
585572
1531210
1675050
1532322
1494535
2578595
2062305
1753636
1522618
1399687
1075020
379992
1710841
1833557
924353
2023655
7579
715882
1023505
1663343
2213837
662330
1053344
1570280
2245281
340799
554394
2575206
2509802
2091741
1730631
1404900
2448025
2058461
2639663
2584924
1645313
1885002
2055259
1576879
806198
1198348
2472726
1508121
52877
348183
2063807
2021965
207597
1606425
969164
2040560
1677167
1566234
592892
1248984
137153
161136
2429361
1708187
1961452
1335559
1860251
637710
530964
1640918
1048206
2645201
2061758
602239
1508433
712514
2507685
964787
1597229
2015215
2293424
2313007
749782
1960417
1042824
2580723
2061910
554324
2394782
587916
378511
1186921
2637500
1689050
343795
793862
484019
1776059
1693376
2323179
439536
569293
2568774
1770918
516826
2016653
2302652
2519699
395987
1381920
2264351
422145
1030551
462333
1875139
2501784
1127378
1645283
1589206
876415
325680
835778
1733073
2016153
2020784
1341239
1300818
2327834
756287
649704
1563403
158748
1483402
864826
2434421
114124
1962386
1184897
663948
846271
1949743
112141
771533
174297
2588644
1400049
96023
1533483
1296610
1683934
1684584
1345504
879662
264386
2330692
2391106
345538
1545473
2162367
2543530
2270206
1620200
2419205
256134
279433
1352347
583715
903264
2227913
1662881
2408451
2543484
1128160
559896
2332372
2031931
2479482
2348046
1651997
1484210
1327330
2473857
286334
1707769
1163911
392746
111848
242327
314858
2611811
38611
2005162
101448
2585474
802459
1214412
140971
2160688
676103
1038488
1324692
894334
1558902
725580
2575549
1070646
921412
2043132
1008145
1323558
493041
1705070
1869387
417492
2104849
1055301
1293404
2485477
625411
2621015
1164766
2071914
222744
2136083
1803268
2367339
2577386
2605386
2151731
1556692
1214164
1743495
352748
1063837
2499400
2342360
1931652
994531
645888
2486399
722166
1666312
1944008
2070831
2393941
1467462
1532163
2326050
48146
2560377
2566481
1409021
1066179
504674
1234282
916878
1742543
1289381
1172323
1844001
719068
432314
715825
1893921
1266573
2107069
865695
1193651
73697
447377
222983
2356560
1944016
250756
2010226
382408
1465983
1401194
1719274
2093036
2302538
809896
84240
688962
2457314
3799:
504294
656242
86431
2199973
2354043
2514588
38:
2309150
120884
823460
1584586
350246
234454
2624281
219112
351251
2081170
990633
158827
751532
1032563
1037555
53276
1814653
2223813
590975
2425013
1357744
2478260
1090759
356948
67675
124169
1600834
1653240
380:
2234775
1439003
111693
1310456
2003072
3800:
1466529
2078941
1740686
139991
2581178
2598873
2581640
82933
2451148
1579823
409102
2037238
3801:
1788127
1278891
2437432
805643
639385
2340665
2413635
1913232
2530604
1651499
1307558
794834
1729588
87289
1894547
1339554
363933
1705330
651303
1567190
1343322
1461647
1253804
179651
2078331
454383
1350401
780136
1029424
2295163
1438180
1980594
2533902
973480
763193
244247
1966905
2191197
1474746
143243
1940186
198698
793896
715146
652664
887963
83805
2452881
1899475
1244461
788108
2024315
1341730
2600150
2318013
276116
1407790
83256
75284
1204294
567374
2094085
228587
1886528
777362
1421548
2549814
2248584
1376641
1650732
937047
1921815
2439210
627010
1506305
664365
200177
2309847
1618294
741894
3802:
706638
1842373
897180
3803:
238407
2492253
2426195
1413058
1812657
1601134
1820992
1748906
1528680
1553028
1654618
1255623
600215
2018103
1814835
2495015
3804:
2598028
1841928
2596773
1829014
440852
615236
1089201
302164
2257024
2056290
1233800
322009
527592
1315201
227437
1298245
691798
733409
950962
1776727
2046509
481409
1592994
1365783
2643193
311067
1663130
558537
240469
3805:
717032
638586
1029388
1370831
3806:
1077014
3807:
2506402
1526264
1329823
717032
1313464
1122044
700705
166663
2288727
806756
1504099
1366347
1867419
1997436
1187365
660312
1665614
265691
2299328
2550380
2488348
5931
2493772
108756
2028811
1090651
168803
2112263
1153049
338612
2586765
1138626
1801511
1360229
1505316
2271662
1335107
777139
649027
416960
289086
1634520
2473258
2078083
675424
1146733
1016150
2188748
908755
1718876
804533
2151475
1997394
2153809
670742
2061703
2102905
61099
551356
2106052
472925
2481282
1092812
1024464
3808:
436806
1181675
1359228
153539
2285688
243158
101807
852484
1509230
14479
922058
3809:
1361440
188362
2172070
983389
996536
736691
2229490
1442784
886600
1190655
2213213
1386578
975768
433308
221948
2641170
1578349
2300461
381:
819870
1635584
2159955
1970273
2459783
398020
206543
98551
1843829
1254771
2327477
2477948
354091
298408
1626224
1445799
40760
405362
1799373
2495955
2064445
1840443
1600756
1712308
1827001
1403514
80346
1425131
395677
124127
2157229
2531437
337731
2027956
1026730
280233
2037171
321397
1546331
273122
1509112
748
1033946
2279018
1072614
2434322
2570278
2245728
1330604
2224778
2475926
1879132
772579
1494524
754822
628985
299243
2192118
1523246
801797
867947
1155478
1638390
1065246
1988433
2356655
270582
627922
1331524
1437443
1153173
234680
89929
660955
2179347
2083368
564426
157934
1350280
789508
860230
652598
1618381
1190648
2332681
2503546
957750
1483997
491080
2202562
506911
854522
1153144
1517632
2281238
519240
72986
99048
1265257
838482
2553657
2286785
2255529
695590
2614473
1323330
1501501
1733232
468834
2075034
1303348
2415253
1277375
971875
1225628
2322941
1571975
952731
1208777
609305
44235
2077358
1696304
2309716
1140818
546405
2098156
514728
1164438
128698
413855
1597116
433711
1958399
2093727
2404071
1996154
1331986
1163923
20117
680204
512620
2524453
2019081
2615385
1240060
755895
930090
985240
595108
1411979
947574
2354725
1777170
1990818
698831
1596807
678911
7889
2028187
1044042
802479
2063452
725800
1585610
2533706
1274688
344631
2183787
2592194
1392862
1660789
1628415
30897
1117207
846982
231195
1818340
277155
762998
1643337
119804
1326
1198015
28477
2219833
2446909
383274
868990
1423789
2199535
2469871
32903
233329
1558476
751743
1787210
733225
157005
2221184
2280743
1537129
758139
1494999
2019136
2428679
1367764
2571952
1289693
2056157
2319673
706340
1573393
2380681
1674858
2394700
2644135
86972
2607528
2497003
272313
1052862
1787439
1837949
2309440
2313362
953875
1344327
2532721
2488596
575132
160678
1092785
1144095
1442835
2356314
1510468
3810:
989293
1921018
284836
251043
1945166
1652160
570929
2089070
617287
646633
1923098
2197619
2318960
557113
53650
982729
1649123
2223148
1816285
295587
1876928
1770449
1834038
838537
617459
1332373
1062996
1024697
1808621
262858
1367104
705843
2076276
1106511
395749
314356
567699
778713
287114
46323
1075263
2579531
745439
1460800
258679
1933736
619187
1020115
891230
1951454
1070
2151546
1220024
51942
642081
2345216
3811:
2060891
187896
248181
2434883
1339769
439926
2601919
2449395
1487953
255970
3812:
880014
2404678
1913085
811136
2121285
1737069
2187741
1692968
1689666
1342320
1211957
2017649
1380024
874977
1951207
